Python 3.11.0 (main, Oct 24 2022, 18:26:48) [MSC v.1933 64 bit (AMD64)] on win32
Type "help", "copyright", "credits" or "license()" for more information.

===== RESTART: D:/Sakthi/Laboratory/Machine Learning - PYTHON/Expo5/pca.py =====
Original Dataset:
 [[78 80 85 82]
 [65 68 70 72]
 [90 88 92 91]
 [72 70 75 74]
 [85 84 88 86]]

Standardized Data:
 [[ 0.          0.25649459  0.36487819  0.13975425]
 [-1.45709148 -1.28247294 -1.45951277 -1.25778824]
 [ 1.34500752  1.28247294  1.21626064  1.39754249]
 [-0.67250376 -1.02597835 -0.85138245 -0.97827974]
 [ 0.78458772  0.76948376  0.72975638  0.69877124]]

Covariance Matrix:
 [[1.25       1.22182949 1.22690978 1.22964045]
 [1.22182949 1.25       1.24005798 1.24565574]
 [1.22690978 1.24005798 1.25       1.23233754]
 [1.22964045 1.24565574 1.23233754 1.25      ]]

Eigenvalues:
 [4.94824449e+00 3.21955030e-02 1.25379919e-03 1.83062100e-02]

Eigenvectors:
 [[ 0.49798142  0.84153696  0.20196409  0.05514122]
 [ 0.50094854 -0.47570306  0.71075955  0.13258208]
 [ 0.50010981 -0.1680098  -0.31798467 -0.7877491 ]
 [ 0.50095434 -0.19311872 -0.59406827  0.59902654]]

Sorted Eigenvalues:
 [4.94824449e+00 3.21955030e-02 1.83062100e-02 1.25379919e-03]

Sorted Eigenvectors:
 [[ 0.49798142  0.84153696  0.05514122  0.20196409]
 [ 0.50094854 -0.47570306  0.13258208  0.71075955]
 [ 0.50010981 -0.1680098  -0.7877491  -0.31798467]
 [ 0.50095434 -0.19311872  0.59902654 -0.59406827]]

Principal Component Matrix:
 [[ 0.49798142  0.84153696]
 [ 0.50094854 -0.47570306]
 [ 0.50010981 -0.1680098 ]
 [ 0.50095434 -0.19311872]]

Reduced Dataset (After PCA):
 [[ 0.38098025 -0.21030754]
 [-2.72806855 -0.12800512]
 [ 2.62061054  0.0475619 ]
 [-1.76471492  0.25408901]
 [ 1.49119268  0.03666174]]

Variance Percentage:
 [9.89648898e+01 6.43910060e-01 3.66124201e-01 2.50759837e-02]
